(kicad_pcb (version 20171130) (host pcbnew "(5.1.5-0-10_14)")

  (general
    (thickness 1.6)
    (drawings 15)
    (tracks 891)
    (zones 0)
    (modules 97)
    (nets 80)
  )

  (page A4)
  (title_block
    (title C64-Video-Enhancement)
    (date 2020-11-06)
    (rev 6.1)
  )

  (layers
    (0 F.Cu signal)
    (31 B.Cu signal)
    (32 B.Adhes user)
    (33 F.Adhes user)
    (34 B.Paste user)
    (35 F.Paste user)
    (36 B.SilkS user)
    (37 F.SilkS user)
    (38 B.Mask user)
    (39 F.Mask user)
    (40 Dwgs.User user)
    (41 Cmts.User user)
    (42 Eco1.User user)
    (43 Eco2.User user)
    (44 Edge.Cuts user)
    (45 Margin user)
    (46 B.CrtYd user)
    (47 F.CrtYd user)
    (48 B.Fab user)
    (49 F.Fab user)
  )

  (setup
    (last_trace_width 0.8)
    (user_trace_width 0.25)
    (user_trace_width 0.5)
    (user_trace_width 0.8)
    (trace_clearance 0.2)
    (zone_clearance 0.254)
    (zone_45_only no)
    (trace_min 0.2)
    (via_size 0.6)
    (via_drill 0.4)
    (via_min_size 0.4)
    (via_min_drill 0.3)
    (user_via 0.4 0.3)
    (user_via 0.6 0.4)
    (user_via 0.8 0.6)
    (user_via 1.2 0.8)
    (user_via 5 4)
    (uvia_size 0.3)
    (uvia_drill 0.1)
    (uvias_allowed no)
    (uvia_min_size 0.2)
    (uvia_min_drill 0.1)
    (edge_width 0.1)
    (segment_width 0.2)
    (pcb_text_width 0.3)
    (pcb_text_size 1.5 1.5)
    (mod_edge_width 0.15)
    (mod_text_size 1 1)
    (mod_text_width 0.15)
    (pad_size 1.5 1.5)
    (pad_drill 0.6)
    (pad_to_mask_clearance 0)
    (aux_axis_origin 0 0)
    (visible_elements 7FFFFFFF)
    (pcbplotparams
      (layerselection 0x010f0_ffffffff)
      (usegerberextensions false)
      (usegerberattributes false)
      (usegerberadvancedattributes false)
      (creategerberjobfile false)
      (excludeedgelayer true)
      (linewidth 0.100000)
      (plotframeref false)
      (viasonmask false)
      (mode 1)
      (useauxorigin false)
      (hpglpennumber 1)
      (hpglpenspeed 20)
      (hpglpendiameter 15.000000)
      (psnegative false)
      (psa4output false)
      (plotreference true)
      (plotvalue true)
      (plotinvisibletext false)
      (padsonsilk false)
      (subtractmaskfromsilk false)
      (outputformat 1)
      (mirror false)
      (drillshape 0)
      (scaleselection 1)
      (outputdirectory "gerber/"))
  )

  (net 0 "")
  (net 1 GND)
  (net 2 /3V3D)
  (net 3 "Net-(AMP1-Pad3)")
  (net 4 "Net-(AMP1-Pad2)")
  (net 5 "Net-(AMP1-Pad1)")
  (net 6 "Net-(AMP2-Pad1)")
  (net 7 "Net-(AMP2-Pad2)")
  (net 8 "Net-(AMP2-Pad3)")
  (net 9 /3V3X)
  (net 10 "Net-(AMP2-Pad8)")
  (net 11 "Net-(AMP2-Pad7)")
  (net 12 "Net-(AMP2-Pad6)")
  (net 13 +12V)
  (net 14 /3V3A)
  (net 15 /3V3C)
  (net 16 /3V3B)
  (net 17 "Net-(C10-Pad2)")
  (net 18 "Net-(C28-Pad1)")
  (net 19 "Net-(C29-Pad1)")
  (net 20 "Net-(GPIO1-Pad1)")
  (net 21 "Net-(GPIO1-Pad2)")
  (net 22 "Net-(GPIO1-Pad3)")
  (net 23 "Net-(GPIO1-Pad4)")
  (net 24 "Net-(GPIO1-Pad5)")
  (net 25 "Net-(GPIO1-Pad6)")
  (net 26 "Net-(GPIO1-Pad7)")
  (net 27 "Net-(GPIO1-Pad8)")
  (net 28 "Net-(GPIO1-Pad9)")
  (net 29 "Net-(GPIO1-Pad10)")
  (net 30 "Net-(GPIO1-Pad11)")
  (net 31 "Net-(GPIO1-Pad12)")
  (net 32 "Net-(GPIO1-Pad13)")
  (net 33 "Net-(GPIO1-Pad14)")
  (net 34 "Net-(GPIO1-Pad15)")
  (net 35 "Net-(GPIO1-Pad16)")
  (net 36 "Net-(GPIO1-Pad17)")
  (net 37 "Net-(GPIO1-Pad18)")
  (net 38 "Net-(GPIO1-Pad19)")
  (net 39 "Net-(GPIO1-Pad20)")
  (net 40 "Net-(JTAG1-Pad9)")
  (net 41 "Net-(JTAG1-Pad5)")
  (net 42 "Net-(JTAG1-Pad3)")
  (net 43 "Net-(JTAG1-Pad1)")
  (net 44 "Net-(OSC1-Pad3)")
  (net 45 "Net-(R1-Pad1)")
  (net 46 "Net-(R2-Pad1)")
  (net 47 "Net-(R3-Pad1)")
  (net 48 "Net-(R4-Pad1)")
  (net 49 "Net-(R5-Pad1)")
  (net 50 "Net-(R6-Pad1)")
  (net 51 "Net-(R7-Pad1)")
  (net 52 "Net-(R8-Pad1)")
  (net 53 "Net-(R9-Pad1)")
  (net 54 "Net-(R10-Pad1)")
  (net 55 "Net-(R11-Pad1)")
  (net 56 "Net-(R12-Pad1)")
  (net 57 "Net-(R13-Pad1)")
  (net 58 "Net-(R14-Pad1)")
  (net 59 "Net-(R15-Pad1)")
  (net 60 "Net-(R16-Pad1)")
  (net 61 "Net-(R22-Pad1)")
  (net 62 "Net-(R24-Pad2)")
  (net 63 "Net-(R25-Pad2)")
  (net 64 "Net-(R26-Pad2)")
  (net 65 /CHROMA_OUT)
  (net 66 /COMPOSITE_OUT)
  (net 67 /LUMA_OUT)
  (net 68 /LUMA_IN)
  (net 69 /CHROMA_IN)
  (net 70 GNDA)
  (net 71 /PB)
  (net 72 /PR)
  (net 73 /Y)
  (net 74 /PR1)
  (net 75 /PB1)
  (net 76 /PY1)
  (net 77 "Net-(JPLUM1-Pad1)")
  (net 78 "Net-(SW1-Pad1)")
  (net 79 "Net-(SW1-Pad2)")

  (net_class Default "Dies ist die voreingestellte Netzklasse."
    (clearance 0.2)
    (trace_width 0.25)
    (via_dia 0.6)
    (via_drill 0.4)
    (uvia_dia 0.3)
    (uvia_drill 0.1)
    (add_net /3V3A)
    (add_net /3V3B)
    (add_net /3V3C)
    (add_net /CHROMA_IN)
    (add_net /CHROMA_OUT)
    (add_net /COMPOSITE_OUT)
    (add_net /LUMA_IN)
    (add_net /LUMA_OUT)
    (add_net GND)
    (add_net GNDA)
    (add_net "Net-(AMP1-Pad1)")
    (add_net "Net-(AMP1-Pad2)")
    (add_net "Net-(AMP1-Pad3)")
    (add_net "Net-(AMP2-Pad1)")
    (add_net "Net-(AMP2-Pad2)")
    (add_net "Net-(AMP2-Pad3)")
    (add_net "Net-(AMP2-Pad6)")
    (add_net "Net-(AMP2-Pad7)")
    (add_net "Net-(AMP2-Pad8)")
    (add_net "Net-(C10-Pad2)")
    (add_net "Net-(C28-Pad1)")
    (add_net "Net-(C29-Pad1)")
    (add_net "Net-(GPIO1-Pad1)")
    (add_net "Net-(GPIO1-Pad10)")
    (add_net "Net-(GPIO1-Pad11)")
    (add_net "Net-(GPIO1-Pad12)")
    (add_net "Net-(GPIO1-Pad13)")
    (add_net "Net-(GPIO1-Pad14)")
    (add_net "Net-(GPIO1-Pad15)")
    (add_net "Net-(GPIO1-Pad16)")
    (add_net "Net-(GPIO1-Pad17)")
    (add_net "Net-(GPIO1-Pad18)")
    (add_net "Net-(GPIO1-Pad19)")
    (add_net "Net-(GPIO1-Pad2)")
    (add_net "Net-(GPIO1-Pad20)")
    (add_net "Net-(GPIO1-Pad3)")
    (add_net "Net-(GPIO1-Pad4)")
    (add_net "Net-(GPIO1-Pad5)")
    (add_net "Net-(GPIO1-Pad6)")
    (add_net "Net-(GPIO1-Pad7)")
    (add_net "Net-(GPIO1-Pad8)")
    (add_net "Net-(GPIO1-Pad9)")
    (add_net "Net-(JPLUM1-Pad1)")
    (add_net "Net-(JTAG1-Pad1)")
    (add_net "Net-(JTAG1-Pad3)")
    (add_net "Net-(JTAG1-Pad5)")
    (add_net "Net-(JTAG1-Pad9)")
    (add_net "Net-(OSC1-Pad3)")
    (add_net "Net-(R1-Pad1)")
    (add_net "Net-(R10-Pad1)")
    (add_net "Net-(R11-Pad1)")
    (add_net "Net-(R12-Pad1)")
    (add_net "Net-(R13-Pad1)")
    (add_net "Net-(R14-Pad1)")
    (add_net "Net-(R15-Pad1)")
    (add_net "Net-(R16-Pad1)")
    (add_net "Net-(R2-Pad1)")
    (add_net "Net-(R22-Pad1)")
    (add_net "Net-(R24-Pad2)")
    (add_net "Net-(R25-Pad2)")
    (add_net "Net-(R26-Pad2)")
    (add_net "Net-(R3-Pad1)")
    (add_net "Net-(R4-Pad1)")
    (add_net "Net-(R5-Pad1)")
    (add_net "Net-(R6-Pad1)")
    (add_net "Net-(R7-Pad1)")
    (add_net "Net-(R8-Pad1)")
    (add_net "Net-(R9-Pad1)")
    (add_net "Net-(SW1-Pad1)")
    (add_net "Net-(SW1-Pad2)")
  )

  (net_class power ""
    (clearance 0.2)
    (trace_width 0.5)
    (via_dia 1.2)
    (via_drill 0.8)
    (uvia_dia 0.3)
    (uvia_drill 0.1)
    (add_net +12V)
    (add_net /3V3D)
    (add_net /3V3X)
    (add_net /PB)
    (add_net /PB1)
    (add_net /PR)
    (add_net /PR1)
    (add_net /PY1)
    (add_net /Y)
  )

  (module Capacitors_SMD:C_0805_HandSoldering (layer B.Cu) (tedit 58AA84A8) (tstamp 5FA592DA)
    (at 133.858 94.85 270)
    (descr "Capacitor SMD 0805, hand soldering")
    (tags "capacitor 0805")
    (path /58BAED54)
    (attr smd)
    (fp_text reference C19 (at 3.95 -0.142 90) (layer B.SilkS)
      (effects (font (size 1 1) (thickness 0.15)) (justify mirror))
    )
    (fp_text value 100nF (at 0 -1.75 90) (layer B.Fab)
      (effects (font (size 1 1) (thickness 0.15)) (justify mirror))
    )
    (fp_line (start 2.25 -0.87) (end -2.25 -0.87) (layer B.CrtYd) (width 0.05))
    (fp_line (start 2.25 -0.87) (end 2.25 0.88) (layer B.CrtYd) (width 0.05))
    (fp_line (start -2.25 0.88) (end -2.25 -0.87) (layer B.CrtYd) (width 0.05))
    (fp_line (start -2.25 0.88) (end 2.25 0.88) (layer B.CrtYd) (width 0.05))
    (fp_line (start -0.5 -0.85) (end 0.5 -0.85) (layer B.SilkS) (width 0.12))
    (fp_line (start 0.5 0.85) (end -0.5 0.85) (layer B.SilkS) (width 0.12))
    (fp_line (start -1 0.62) (end 1 0.62) (layer B.Fab) (width 0.1))
    (fp_line (start 1 0.62) (end 1 -0.62) (layer B.Fab) (width 0.1))
    (fp_line (start 1 -0.62) (end -1 -0.62) (layer B.Fab) (width 0.1))
    (fp_line (start -1 -0.62) (end -1 0.62) (layer B.Fab) (width 0.1))
    (fp_text user %R (at 0 1.75 90) (layer B.Fab)
      (effects (font (size 1 1) (thickness 0.15)) (justify mirror))
    )
    (pad 2 smd rect (at 1.25 0 270) (size 1.5 1.25) (layers B.Cu B.Paste B.Mask)
      (net 1 GND))
    (pad 1 smd rect (at -1.25 0 270) (size 1.5 1.25) (layers B.Cu B.Paste B.Mask)
      (net 16 /3V3B))
    (model Capacitors_SMD.3dshapes/C_0805.wrl
      (at (xyz 0 0 0))
      (scale (xyz 1 1 1))
      (rotate (xyz 0 0 0))
    )
  )

  (module Package_SO:SSOP-8_3.9x5.05mm_P1.27mm (layer F.Cu) (tedit 5D9F72B1) (tstamp 5FA6C8F7)
    (at 115.57 66.675 90)
    (descr "SSOP, 8 Pin (http://www.fujitsu.com/downloads/MICRO/fsa/pdf/products/memory/fram/MB85RS16-DS501-00014-6v0-E.pdf), generated with kicad-footprint-generator ipc_gullwing_generator.py")
    (tags "SSOP SO")
    (path /5CA1C516)
    (attr smd)
    (fp_text reference AMP2 (at 0.275 -3.57 270) (layer F.SilkS)
      (effects (font (size 1 1) (thickness 0.15)))
    )
    (fp_text value THS7316 (at 0 3.48 90) (layer F.Fab)
      (effects (font (size 1 1) (thickness 0.15)))
    )
    (fp_line (start 0 2.635) (end 1.95 2.635) (layer F.SilkS) (width 0.12))
    (fp_line (start 0 2.635) (end -1.95 2.635) (layer F.SilkS) (width 0.12))
    (fp_line (start 0 -2.635) (end 1.95 -2.635) (layer F.SilkS) (width 0.12))
    (fp_line (start 0 -2.635) (end -3.45 -2.635) (layer F.SilkS) (width 0.12))
    (fp_line (start -0.975 -2.525) (end 1.95 -2.525) (layer F.Fab) (width 0.1))
    (fp_line (start 1.95 -2.525) (end 1.95 2.525) (layer F.Fab) (width 0.1))
    (fp_line (start 1.95 2.525) (end -1.95 2.525) (layer F.Fab) (width 0.1))
    (fp_line (start -1.95 2.525) (end -1.95 -1.55) (layer F.Fab) (width 0.1))
    (fp_line (start -1.95 -1.55) (end -0.975 -2.525) (layer F.Fab) (width 0.1))
    (fp_line (start -3.7 -2.78) (end -3.7 2.78) (layer F.CrtYd) (width 0.05))
    (fp_line (start -3.7 2.78) (end 3.7 2.78) (layer F.CrtYd) (width 0.05))
    (fp_line (start 3.7 2.78) (end 3.7 -2.78) (layer F.CrtYd) (width 0.05))
    (fp_line (start 3.7 -2.78) (end -3.7 -2.78) (layer F.CrtYd) (width 0.05))
    (fp_text user %R (at 0 0 90) (layer F.Fab)
      (effects (font (size 0.98 0.98) (thickness 0.15)))
    )
    (pad 1 smd roundrect (at -2.675 -1.905 90) (size 1.55 0.6) (layers F.Cu F.Paste F.Mask) (roundrect_rratio 0.25)
      (net 6 "Net-(AMP2-Pad1)"))
    (pad 2 smd roundrect (at -2.675 -0.635 90) (size 1.55 0.6) (layers F.Cu F.Paste F.Mask) (roundrect_rratio 0.25)
      (net 7 "Net-(AMP2-Pad2)"))
    (pad 3 smd roundrect (at -2.675 0.635 90) (size 1.55 0.6) (layers F.Cu F.Paste F.Mask) (roundrect_rratio 0.25)
      (net 8 "Net-(AMP2-Pad3)"))
    (pad 4 smd roundrect (at -2.675 1.905 90) (size 1.55 0.6) (layers F.Cu F.Paste F.Mask) (roundrect_rratio 0.25)
      (net 9 /3V3X))
    (pad 5 smd roundrect (at 2.675 1.905 90) (size 1.55 0.6) (layers F.Cu F.Paste F.Mask) (roundrect_rratio 0.25)
      (net 70 GNDA))
    (pad 6 smd roundrect (at 2.675 0.635 90) (size 1.55 0.6) (layers F.Cu F.Paste F.Mask) (roundrect_rratio 0.25)
      (net 12 "Net-(AMP2-Pad6)"))
    (pad 7 smd roundrect (at 2.675 -0.635 90) (size 1.55 0.6) (layers F.Cu F.Paste F.Mask) (roundrect_rratio 0.25)
      (net 11 "Net-(AMP2-Pad7)"))
    (pad 8 smd roundrect (at 2.675 -1.905 90) (size 1.55 0.6) (layers F.Cu F.Paste F.Mask) (roundrect_rratio 0.25)
      (net 10 "Net-(AMP2-Pad8)"))
    (model ${KISYS3DMOD}/Package_SO.3dshapes/SSOP-8_3.9x5.05mm_P1.27mm.wrl
      (at (xyz 0 0 0))
      (scale (xyz 1 1 1))
      (rotate (xyz 0 0 0))
    )
  )

  (module "footprints:Conrad 4pin audio jack" (layer F.Cu) (tedit 5C1CCCC5) (tstamp 5C4106C2)
    (at 167 71.2 180)
    (path /5C651087)
    (fp_text reference J1 (at 9.5 4.953 180) (layer F.SilkS)
      (effects (font (size 1 1) (thickness 0.15)))
    )
    (fp_text value AudioJack4_Ground (at 8 -7 180) (layer F.Fab)
      (effects (font (size 1 1) (thickness 0.15)))
    )
    (fp_line (start 0 -3) (end 1.5 -3) (layer F.SilkS) (width 0.15))
    (fp_line (start 1.5 3) (end 0 3) (layer F.SilkS) (width 0.15))
    (fp_line (start 0 3) (end 0 -3) (layer F.SilkS) (width 0.15))
    (fp_line (start 1.5 -3) (end 2.5 -3) (layer F.SilkS) (width 0.15))
    (fp_line (start 1.5 3) (end 2.5 3) (layer F.SilkS) (width 0.15))
    (fp_line (start 2.5 -3) (end 2.5 -4) (layer F.SilkS) (width 0.15))
    (fp_line (start 2.5 -4) (end 5 -4) (layer F.SilkS) (width 0.15))
    (fp_line (start 7 -4) (end 15 -4) (layer F.SilkS) (width 0.15))
    (fp_line (start 2.5 3) (end 2.5 4) (layer F.SilkS) (width 0.15))
    (fp_line (start 2.5 4) (end 5 4) (layer F.SilkS) (width 0.15))
    (fp_line (start 7 4) (end 15 4) (layer F.SilkS) (width 0.15))
    (pad "" thru_hole circle (at 4.5 0 180) (size 1.8 1.8) (drill 1.1) (layers *.Cu *.Mask))
    (pad "" thru_hole circle (at 11.5 0 180) (size 1.8 1.8) (drill 1.1) (layers *.Cu *.Mask))
    (pad S thru_hole oval (at 14.7 0 180) (size 1.8 2.6) (drill oval 1 1.8) (layers *.Cu *.Mask)
      (net 1 GND))
    (pad R2 thru_hole oval (at 14 -2.8 180) (size 2.6 1.8) (drill oval 1.8 1) (layers *.Cu *.Mask)
      (net 72 /PR))
    (pad R1 thru_hole oval (at 14 2.8 180) (size 2.6 1.8) (drill oval 1.8 1) (layers *.Cu *.Mask)
      (net 71 /PB))
    (pad T thru_hole oval (at 6 2.9 180) (size 2.6 2) (drill oval 1.8 1.2) (layers *.Cu *.Mask)
      (net 73 /Y))
    (pad T thru_hole oval (at 6 -2.9 180) (size 2.6 2) (drill oval 1.8 1.2) (layers *.Cu *.Mask)
      (net 73 /Y))
  )

  (module Jumper:SolderJumper-2_P1.3mm_Open_RoundedPad1.0x1.5mm (layer F.Cu) (tedit 5B391E66) (tstamp 5C2BF81F)
    (at 120.2 94.8 270)
    (descr "SMD Solder Jumper, 1x1.5mm, rounded Pads, 0.3mm gap, open")
    (tags "solder jumper open")
    (path /5CE223C3)
    (attr virtual)
    (fp_text reference JPLUM1 (at 2.6 0.8 180) (layer F.SilkS)
      (effects (font (size 1 1) (thickness 0.15)))
    )
    (fp_text value Jumper_2_Open (at 0 1.9 270) (layer F.Fab)
      (effects (font (size 1 1) (thickness 0.15)))
    )
    (fp_arc (start 0.7 -0.3) (end 1.4 -0.3) (angle -90) (layer F.SilkS) (width 0.12))
    (fp_arc (start 0.7 0.3) (end 0.7 1) (angle -90) (layer F.SilkS) (width 0.12))
    (fp_arc (start -0.7 0.3) (end -1.4 0.3) (angle -90) (layer F.SilkS) (width 0.12))
    (fp_arc (start -0.7 -0.3) (end -0.7 -1) (angle -90) (layer F.SilkS) (width 0.12))
    (fp_line (start -1.4 0.3) (end -1.4 -0.3) (layer F.SilkS) (width 0.12))
    (fp_line (start 0.7 1) (end -0.7 1) (layer F.SilkS) (width 0.12))
    (fp_line (start 1.4 -0.3) (end 1.4 0.3) (layer F.SilkS) (width 0.12))
    (fp_line (start -0.7 -1) (end 0.7 -1) (layer F.SilkS) (width 0.12))
    (fp_line (start -1.65 -1.25) (end 1.65 -1.25) (layer F.CrtYd) (width 0.05))
    (fp_line (start -1.65 -1.25) (end -1.65 1.25) (layer F.CrtYd) (width 0.05))
    (fp_line (start 1.65 1.25) (end 1.65 -1.25) (layer F.CrtYd) (width 0.05))
    (fp_line (start 1.65 1.25) (end -1.65 1.25) (layer F.CrtYd) (width 0.05))
    (pad 1 smd custom (at -0.65 0 270) (size 1 0.5) (layers F.Cu F.Mask)
      (net 77 "Net-(JPLUM1-Pad1)") (zone_connect 0)
      (options (clearance outline) (anchor rect))
      (primitives
        (gr_circle (center 0 0.25) (end 0.5 0.25) (width 0))
        (gr_circle (center 0 -0.25) (end 0.5 -0.25) (width 0))
        (gr_poly (pts
           (xy 0 -0.75) (xy 0.5 -0.75) (xy 0.5 0.75) (xy 0 0.75)) (width 0))
      ))
    (pad 2 smd custom (at 0.65 0 270) (size 1 0.5) (layers F.Cu F.Mask)
      (net 68 /LUMA_IN) (zone_connect 0)
      (options (clearance outline) (anchor rect))
      (primitives
        (gr_circle (center 0 0.25) (end 0.5 0.25) (width 0))
        (gr_circle (center 0 -0.25) (end 0.5 -0.25) (width 0))
        (gr_poly (pts
           (xy 0 -0.75) (xy -0.5 -0.75) (xy -0.5 0.75) (xy 0 0.75)) (width 0))
      ))
  )

  (module footprints:slider (layer F.Cu) (tedit 5C1FE49E) (tstamp 5C2C4E23)
    (at 160.655 96.52 90)
    (path /5C1242F4)
    (fp_text reference SW1 (at -0.28 -0.255 90) (layer F.SilkS)
      (effects (font (size 1 1) (thickness 0.15)))
    )
    (fp_text value SW_SP3T (at -0.5 -2.54 90) (layer F.Fab)
      (effects (font (size 1 1) (thickness 0.15)))
    )
    (fp_line (start -7.5 0.5) (end 7.5 0.5) (layer F.SilkS) (width 0.15))
    (fp_line (start 7.5 4.5) (end -7.5 4.5) (layer F.SilkS) (width 0.15))
    (fp_line (start -0.5 4.5) (end -0.5 6) (layer F.SilkS) (width 0.15))
    (fp_line (start -0.5 6) (end 0.5 6) (layer F.SilkS) (width 0.15))
    (fp_line (start 0.5 6) (end 0.5 4.5) (layer F.SilkS) (width 0.15))
    (fp_line (start -7.5 0.5) (end -7.9 0.5) (layer F.SilkS) (width 0.15))
    (fp_line (start -7.9 0.5) (end -7.9 4.5) (layer F.SilkS) (width 0.15))
    (fp_line (start -7.9 4.5) (end -7.5 4.5) (layer F.SilkS) (width 0.15))
    (fp_line (start 7.5 0.5) (end 7.9 0.5) (layer F.SilkS) (width 0.15))
    (fp_line (start 7.9 0.5) (end 7.9 4.5) (layer F.SilkS) (width 0.15))
    (fp_line (start 7.9 4.5) (end 7.4 4.5) (layer F.SilkS) (width 0.15))
    (fp_line (start 7.4 4.5) (end 7.5 4.5) (layer F.SilkS) (width 0.15))
    (pad 1 thru_hole circle (at -5.08 2.54 90) (size 1.524 1.524) (drill 0.8) (layers *.Cu *.Mask)
      (net 78 "Net-(SW1-Pad1)"))
    (pad 2 thru_hole circle (at -2.54 2.54 90) (size 1.524 1.524) (drill 0.8) (layers *.Cu *.Mask)
      (net 79 "Net-(SW1-Pad2)"))
    (pad 3 thru_hole circle (at 0 2.54 90) (size 1.524 1.524) (drill 0.8) (layers *.Cu *.Mask)
      (net 1 GND))
    (pad 4 thru_hole circle (at 5.08 2.54 90) (size 1.524 1.524) (drill 0.8) (layers *.Cu *.Mask))
  )

  (module Capacitors_SMD:C_0805_HandSoldering (layer F.Cu) (tedit 58AA84A8) (tstamp 5FA591AF)
    (at 109.8 90.8)
    (descr "Capacitor SMD 0805, hand soldering")
    (tags "capacitor 0805")
    (path /59EAD4BF)
    (attr smd)
    (fp_text reference C1 (at -3.2 0) (layer F.SilkS)
      (effects (font (size 1 1) (thickness 0.15)))
    )
    (fp_text value 10uF (at 0 1.75) (layer F.Fab)
      (effects (font (size 1 1) (thickness 0.15)))
    )
    (fp_text user %R (at 0 -1.75) (layer F.Fab)
      (effects (font (size 1 1) (thickness 0.15)))
    )
    (fp_line (start -1 0.62) (end -1 -0.62) (layer F.Fab) (width 0.1))
    (fp_line (start 1 0.62) (end -1 0.62) (layer F.Fab) (width 0.1))
    (fp_line (start 1 -0.62) (end 1 0.62) (layer F.Fab) (width 0.1))
    (fp_line (start -1 -0.62) (end 1 -0.62) (layer F.Fab) (width 0.1))
    (fp_line (start 0.5 -0.85) (end -0.5 -0.85) (layer F.SilkS) (width 0.12))
    (fp_line (start -0.5 0.85) (end 0.5 0.85) (layer F.SilkS) (width 0.12))
    (fp_line (start -2.25 -0.88) (end 2.25 -0.88) (layer F.CrtYd) (width 0.05))
    (fp_line (start -2.25 -0.88) (end -2.25 0.87) (layer F.CrtYd) (width 0.05))
    (fp_line (start 2.25 0.87) (end 2.25 -0.88) (layer F.CrtYd) (width 0.05))
    (fp_line (start 2.25 0.87) (end -2.25 0.87) (layer F.CrtYd) (width 0.05))
    (pad 1 smd rect (at -1.25 0) (size 1.5 1.25) (layers F.Cu F.Paste F.Mask)
      (net 70 GNDA))
    (pad 2 smd rect (at 1.25 0) (size 1.5 1.25) (layers F.Cu F.Paste F.Mask)
      (net 13 +12V))
    (model Capacitors_SMD.3dshapes/C_0805.wrl
      (at (xyz 0 0 0))
      (scale (xyz 1 1 1))
      (rotate (xyz 0 0 0))
    )
  )

  (module Capacitors_SMD:C_0805_HandSoldering (layer F.Cu) (tedit 58AA84A8) (tstamp 5FA591BF)
    (at 130.6 104.6 270)
    (descr "Capacitor SMD 0805, hand soldering")
    (tags "capacitor 0805")
    (path /59EB0497)
    (attr smd)
    (fp_text reference C2 (at -0.2 1.4 90) (layer F.SilkS)
      (effects (font (size 1 1) (thickness 0.15)))
    )
    (fp_text value 10uF (at 0 1.75 90) (layer F.Fab)
      (effects (font (size 1 1) (thickness 0.15)))
    )
    (fp_line (start 2.25 0.87) (end -2.25 0.87) (layer F.CrtYd) (width 0.05))
    (fp_line (start 2.25 0.87) (end 2.25 -0.88) (layer F.CrtYd) (width 0.05))
    (fp_line (start -2.25 -0.88) (end -2.25 0.87) (layer F.CrtYd) (width 0.05))
    (fp_line (start -2.25 -0.88) (end 2.25 -0.88) (layer F.CrtYd) (width 0.05))
    (fp_line (start -0.5 0.85) (end 0.5 0.85) (layer F.SilkS) (width 0.12))
    (fp_line (start 0.5 -0.85) (end -0.5 -0.85) (layer F.SilkS) (width 0.12))
    (fp_line (start -1 -0.62) (end 1 -0.62) (layer F.Fab) (width 0.1))
    (fp_line (start 1 -0.62) (end 1 0.62) (layer F.Fab) (width 0.1))
    (fp_line (start 1 0.62) (end -1 0.62) (layer F.Fab) (width 0.1))
    (fp_line (start -1 0.62) (end -1 -0.62) (layer F.Fab) (width 0.1))
    (fp_text user %R (at 0 -1.75 90) (layer F.Fab)
      (effects (font (size 1 1) (thickness 0.15)))
    )
    (pad 2 smd rect (at 1.25 0 270) (size 1.5 1.25) (layers F.Cu F.Paste F.Mask)
      (net 1 GND))
    (pad 1 smd rect (at -1.25 0 270) (size 1.5 1.25) (layers F.Cu F.Paste F.Mask)
      (net 14 /3V3A))
    (model Capacitors_SMD.3dshapes/C_0805.wrl
      (at (xyz 0 0 0))
      (scale (xyz 1 1 1))
      (rotate (xyz 0 0 0))
    )
  )

  (module Capacitors_SMD:C_0805_HandSoldering (layer F.Cu) (tedit 58AA84A8) (tstamp 5FA872FF)
    (at 159 111.2 270)
    (descr "Capacitor SMD 0805, hand soldering")
    (tags "capacitor 0805")
    (path /59EB5C48)
    (attr smd)
    (fp_text reference C3 (at 2.6 2 180) (layer F.SilkS)
      (effects (font (size 1 1) (thickness 0.15)))
    )
    (fp_text value 10uF (at 0 1.75 90) (layer F.Fab)
      (effects (font (size 1 1) (thickness 0.15)))
    )
    (fp_text user %R (at 0 -1.75 90) (layer F.Fab)
      (effects (font (size 1 1) (thickness 0.15)))
    )
    (fp_line (start -1 0.62) (end -1 -0.62) (layer F.Fab) (width 0.1))
    (fp_line (start 1 0.62) (end -1 0.62) (layer F.Fab) (width 0.1))
    (fp_line (start 1 -0.62) (end 1 0.62) (layer F.Fab) (width 0.1))
    (fp_line (start -1 -0.62) (end 1 -0.62) (layer F.Fab) (width 0.1))
    (fp_line (start 0.5 -0.85) (end -0.5 -0.85) (layer F.SilkS) (width 0.12))
    (fp_line (start -0.5 0.85) (end 0.5 0.85) (layer F.SilkS) (width 0.12))
    (fp_line (start -2.25 -0.88) (end 2.25 -0.88) (layer F.CrtYd) (width 0.05))
    (fp_line (start -2.25 -0.88) (end -2.25 0.87) (layer F.CrtYd) (width 0.05))
    (fp_line (start 2.25 0.87) (end 2.25 -0.88) (layer F.CrtYd) (width 0.05))
    (fp_line (start 2.25 0.87) (end -2.25 0.87) (layer F.CrtYd) (width 0.05))
    (pad 1 smd rect (at -1.25 0 270) (size 1.5 1.25) (layers F.Cu F.Paste F.Mask)
      (net 15 /3V3C))
    (pad 2 smd rect (at 1.25 0 270) (size 1.5 1.25) (layers F.Cu F.Paste F.Mask)
      (net 1 GND))
    (model Capacitors_SMD.3dshapes/C_0805.wrl
      (at (xyz 0 0 0))
      (scale (xyz 1 1 1))
      (rotate (xyz 0 0 0))
    )
  )

  (module Capacitors_SMD:C_0805_HandSoldering (layer F.Cu) (tedit 58AA84A8) (tstamp 5FA591DF)
    (at 135 112.6 180)
    (descr "Capacitor SMD 0805, hand soldering")
    (tags "capacitor 0805")
    (path /59EB5CAC)
    (attr smd)
    (fp_text reference C4 (at -3.4 0) (layer F.SilkS)
      (effects (font (size 1 1) (thickness 0.15)))
    )
    (fp_text value 10uF (at 0 1.75) (layer F.Fab)
      (effects (font (size 1 1) (thickness 0.15)))
    )
    (fp_text user %R (at 0 -1.75) (layer F.Fab)
      (effects (font (size 1 1) (thickness 0.15)))
    )
    (fp_line (start -1 0.62) (end -1 -0.62) (layer F.Fab) (width 0.1))
    (fp_line (start 1 0.62) (end -1 0.62) (layer F.Fab) (width 0.1))
    (fp_line (start 1 -0.62) (end 1 0.62) (layer F.Fab) (width 0.1))
    (fp_line (start -1 -0.62) (end 1 -0.62) (layer F.Fab) (width 0.1))
    (fp_line (start 0.5 -0.85) (end -0.5 -0.85) (layer F.SilkS) (width 0.12))
    (fp_line (start -0.5 0.85) (end 0.5 0.85) (layer F.SilkS) (width 0.12))
    (fp_line (start -2.25 -0.88) (end 2.25 -0.88) (layer F.CrtYd) (width 0.05))
    (fp_line (start -2.25 -0.88) (end -2.25 0.87) (layer F.CrtYd) (width 0.05))
    (fp_line (start 2.25 0.87) (end 2.25 -0.88) (layer F.CrtYd) (width 0.05))
    (fp_line (start 2.25 0.87) (end -2.25 0.87) (layer F.CrtYd) (width 0.05))
    (pad 1 smd rect (at -1.25 0 180) (size 1.5 1.25) (layers F.Cu F.Paste F.Mask)
      (net 16 /3V3B))
    (pad 2 smd rect (at 1.25 0 180) (size 1.5 1.25) (layers F.Cu F.Paste F.Mask)
      (net 1 GND))
    (model Capacitors_SMD.3dshapes/C_0805.wrl
      (at (xyz 0 0 0))
      (scale (xyz 1 1 1))
      (rotate (xyz 0 0 0))
    )
  )

  (module Capacitors_SMD:C_0805_HandSoldering (layer F.Cu) (tedit 58AA84A8) (tstamp 5FA591EF)
    (at 162 111.2 270)
    (descr "Capacitor SMD 0805, hand soldering")
    (tags "capacitor 0805")
    (path /5A23AEFE)
    (attr smd)
    (fp_text reference C5 (at 0 -1.75 90) (layer F.SilkS)
      (effects (font (size 1 1) (thickness 0.15)))
    )
    (fp_text value 10uF (at 0 1.75 90) (layer F.Fab)
      (effects (font (size 1 1) (thickness 0.15)))
    )
    (fp_text user %R (at 0 -1.75 90) (layer F.Fab)
      (effects (font (size 1 1) (thickness 0.15)))
    )
    (fp_line (start -1 0.62) (end -1 -0.62) (layer F.Fab) (width 0.1))
    (fp_line (start 1 0.62) (end -1 0.62) (layer F.Fab) (width 0.1))
    (fp_line (start 1 -0.62) (end 1 0.62) (layer F.Fab) (width 0.1))
    (fp_line (start -1 -0.62) (end 1 -0.62) (layer F.Fab) (width 0.1))
    (fp_line (start 0.5 -0.85) (end -0.5 -0.85) (layer F.SilkS) (width 0.12))
    (fp_line (start -0.5 0.85) (end 0.5 0.85) (layer F.SilkS) (width 0.12))
    (fp_line (start -2.25 -0.88) (end 2.25 -0.88) (layer F.CrtYd) (width 0.05))
    (fp_line (start -2.25 -0.88) (end -2.25 0.87) (layer F.CrtYd) (width 0.05))
    (fp_line (start 2.25 0.87) (end 2.25 -0.88) (layer F.CrtYd) (width 0.05))
    (fp_line (start 2.25 0.87) (end -2.25 0.87) (layer F.CrtYd) (width 0.05))
    (pad 1 smd rect (at -1.25 0 270) (size 1.5 1.25) (layers F.Cu F.Paste F.Mask)
      (net 2 /3V3D))
    (pad 2 smd rect (at 1.25 0 270) (size 1.5 1.25) (layers F.Cu F.Paste F.Mask)
      (net 1 GND))
    (model Capacitors_SMD.3dshapes/C_0805.wrl
      (at (xyz 0 0 0))
      (scale (xyz 1 1 1))
      (rotate (xyz 0 0 0))
    )
  )

  (module Capacitors_SMD:C_0805_HandSoldering (layer B.Cu) (tedit 58AA84A8) (tstamp 5FA591FF)
    (at 145.4 100.4 270)
    (descr "Capacitor SMD 0805, hand soldering")
    (tags "capacitor 0805")
    (path /58B89409)
    (attr smd)
    (fp_text reference C6 (at -0.2 -1.8 270) (layer B.SilkS)
      (effects (font (size 1 1) (thickness 0.15)) (justify mirror))
    )
    (fp_text value 100nF (at 0 -1.75 270) (layer B.Fab)
      (effects (font (size 1 1) (thickness 0.15)) (justify mirror))
    )
    (fp_line (start 2.25 -0.87) (end -2.25 -0.87) (layer B.CrtYd) (width 0.05))
    (fp_line (start 2.25 -0.87) (end 2.25 0.88) (layer B.CrtYd) (width 0.05))
    (fp_line (start -2.25 0.88) (end -2.25 -0.87) (layer B.CrtYd) (width 0.05))
    (fp_line (start -2.25 0.88) (end 2.25 0.88) (layer B.CrtYd) (width 0.05))
    (fp_line (start -0.5 -0.85) (end 0.5 -0.85) (layer B.SilkS) (width 0.12))
    (fp_line (start 0.5 0.85) (end -0.5 0.85) (layer B.SilkS) (width 0.12))
    (fp_line (start -1 0.62) (end 1 0.62) (layer B.Fab) (width 0.1))
    (fp_line (start 1 0.62) (end 1 -0.62) (layer B.Fab) (width 0.1))
    (fp_line (start 1 -0.62) (end -1 -0.62) (layer B.Fab) (width 0.1))
    (fp_line (start -1 -0.62) (end -1 0.62) (layer B.Fab) (width 0.1))
    (fp_text user %R (at 0 1.75 270) (layer B.Fab)
      (effects (font (size 1 1) (thickness 0.15)) (justify mirror))
    )
    (pad 2 smd rect (at 1.25 0 270) (size 1.5 1.25) (layers B.Cu B.Paste B.Mask)
      (net 1 GND))
    (pad 1 smd rect (at -1.25 0 270) (size 1.5 1.25) (layers B.Cu B.Paste B.Mask)
      (net 14 /3V3A))
    (model Capacitors_SMD.3dshapes/C_0805.wrl
      (at (xyz 0 0 0))
      (scale (xyz 1 1 1))
      (rotate (xyz 0 0 0))
    )
  )

  (module Capacitors_SMD:C_0805_HandSoldering (layer B.Cu) (tedit 58AA84A8) (tstamp 5FA5920F)
    (at 157.2 93.2)
    (descr "Capacitor SMD 0805, hand soldering")
    (tags "capacitor 0805")
    (path /59ECBBC0)
    (attr smd)
    (fp_text reference C7 (at 0 1.75 180) (layer B.SilkS)
      (effects (font (size 1 1) (thickness 0.15)) (justify mirror))
    )
    (fp_text value 100nF (at 0 -1.75 180) (layer B.Fab)
      (effects (font (size 1 1) (thickness 0.15)) (justify mirror))
    )
    (fp_line (start 2.25 -0.87) (end -2.25 -0.87) (layer B.CrtYd) (width 0.05))
    (fp_line (start 2.25 -0.87) (end 2.25 0.88) (layer B.CrtYd) (width 0.05))
    (fp_line (start -2.25 0.88) (end -2.25 -0.87) (layer B.CrtYd) (width 0.05))
    (fp_line (start -2.25 0.88) (end 2.25 0.88) (layer B.CrtYd) (width 0.05))
    (fp_line (start -0.5 -0.85) (end 0.5 -0.85) (layer B.SilkS) (width 0.12))
    (fp_line (start 0.5 0.85) (end -0.5 0.85) (layer B.SilkS) (width 0.12))
    (fp_line (start -1 0.62) (end 1 0.62) (layer B.Fab) (width 0.1))
    (fp_line (start 1 0.62) (end 1 -0.62) (layer B.Fab) (width 0.1))
    (fp_line (start 1 -0.62) (end -1 -0.62) (layer B.Fab) (width 0.1))
    (fp_line (start -1 -0.62) (end -1 0.62) (layer B.Fab) (width 0.1))
    (fp_text user %R (at 0 1.75 180) (layer B.Fab)
      (effects (font (size 1 1) (thickness 0.15)) (justify mirror))
    )
    (pad 2 smd rect (at 1.25 0) (size 1.5 1.25) (layers B.Cu B.Paste B.Mask)
      (net 2 /3V3D))
    (pad 1 smd rect (at -1.25 0) (size 1.5 1.25) (layers B.Cu B.Paste B.Mask)
      (net 1 GND))
    (model Capacitors_SMD.3dshapes/C_0805.wrl
      (at (xyz 0 0 0))
      (scale (xyz 1 1 1))
      (rotate (xyz 0 0 0))
    )
  )

  (module Capacitors_SMD:C_0805_HandSoldering (layer F.Cu) (tedit 58AA84A8) (tstamp 5FA5923A)
    (at 107.6 78 180)
    (descr "Capacitor SMD 0805, hand soldering")
    (tags "capacitor 0805")
    (path /5C96DDD2)
    (attr smd)
    (fp_text reference C9 (at 1.4 1.6) (layer F.SilkS)
      (effects (font (size 1 1) (thickness 0.15)))
    )
    (fp_text value 10uF (at 0 1.75) (layer F.Fab)
      (effects (font (size 1 1) (thickness 0.15)))
    )
    (fp_line (start 2.25 0.87) (end -2.25 0.87) (layer F.CrtYd) (width 0.05))
    (fp_line (start 2.25 0.87) (end 2.25 -0.88) (layer F.CrtYd) (width 0.05))
    (fp_line (start -2.25 -0.88) (end -2.25 0.87) (layer F.CrtYd) (width 0.05))
    (fp_line (start -2.25 -0.88) (end 2.25 -0.88) (layer F.CrtYd) (width 0.05))
    (fp_line (start -0.5 0.85) (end 0.5 0.85) (layer F.SilkS) (width 0.12))
    (fp_line (start 0.5 -0.85) (end -0.5 -0.85) (layer F.SilkS) (width 0.12))
    (fp_line (start -1 -0.62) (end 1 -0.62) (layer F.Fab) (width 0.1))
    (fp_line (start 1 -0.62) (end 1 0.62) (layer F.Fab) (width 0.1))
    (fp_line (start 1 0.62) (end -1 0.62) (layer F.Fab) (width 0.1))
    (fp_line (start -1 0.62) (end -1 -0.62) (layer F.Fab) (width 0.1))
    (fp_text user %R (at 0 -1.75) (layer F.Fab)
      (effects (font (size 1 1) (thickness 0.15)))
    )
    (pad 2 smd rect (at 1.25 0 180) (size 1.5 1.25) (layers F.Cu F.Paste F.Mask)
      (net 70 GNDA))
    (pad 1 smd rect (at -1.25 0 180) (size 1.5 1.25) (layers F.Cu F.Paste F.Mask)
      (net 9 /3V3X))
    (model Capacitors_SMD.3dshapes/C_0805.wrl
      (at (xyz 0 0 0))
      (scale (xyz 1 1 1))
      (rotate (xyz 0 0 0))
    )
  )

  (module Capacitors_SMD:C_0805_HandSoldering (layer F.Cu) (tedit 58AA84A8) (tstamp 5FA5924A)
    (at 115.2 73.6 270)
    (descr "Capacitor SMD 0805, hand soldering")
    (tags "capacitor 0805")
    (path /5D595035)
    (attr smd)
    (fp_text reference C10 (at 3 0 180) (layer F.SilkS)
      (effects (font (size 1 1) (thickness 0.15)))
    )
    (fp_text value 100nF (at 0 1.75 90) (layer F.Fab)
      (effects (font (size 1 1) (thickness 0.15)))
    )
    (fp_text user %R (at 0 -1.75 90) (layer F.Fab)
      (effects (font (size 1 1) (thickness 0.15)))
    )
    (fp_line (start -1 0.62) (end -1 -0.62) (layer F.Fab) (width 0.1))
    (fp_line (start 1 0.62) (end -1 0.62) (layer F.Fab) (width 0.1))
    (fp_line (start 1 -0.62) (end 1 0.62) (layer F.Fab) (width 0.1))
    (fp_line (start -1 -0.62) (end 1 -0.62) (layer F.Fab) (width 0.1))
    (fp_line (start 0.5 -0.85) (end -0.5 -0.85) (layer F.SilkS) (width 0.12))
    (fp_line (start -0.5 0.85) (end 0.5 0.85) (layer F.SilkS) (width 0.12))
    (fp_line (start -2.25 -0.88) (end 2.25 -0.88) (layer F.CrtYd) (width 0.05))
    (fp_line (start -2.25 -0.88) (end -2.25 0.87) (layer F.CrtYd) (width 0.05))
    (fp_line (start 2.25 0.87) (end 2.25 -0.88) (layer F.CrtYd) (width 0.05))
    (fp_line (start 2.25 0.87) (end -2.25 0.87) (layer F.CrtYd) (width 0.05))
    (pad 1 smd rect (at -1.25 0 270) (size 1.5 1.25) (layers F.Cu F.Paste F.Mask)
      (net 7 "Net-(AMP2-Pad2)"))
    (pad 2 smd rect (at 1.25 0 270) (size 1.5 1.25) (layers F.Cu F.Paste F.Mask)
      (net 17 "Net-(C10-Pad2)"))
    (model Capacitors_SMD.3dshapes/C_0805.wrl
      (at (xyz 0 0 0))
      (scale (xyz 1 1 1))
      (rotate (xyz 0 0 0))
    )
  )

  (module Capacitors_SMD:C_0805_HandSoldering (layer B.Cu) (tedit 58AA84A8) (tstamp 5FA5925A)
    (at 124.8 75.2 180)
    (descr "Capacitor SMD 0805, hand soldering")
    (tags "capacitor 0805")
    (path /58BAA4D3)
    (attr smd)
    (fp_text reference C11 (at 3.8 0) (layer B.SilkS)
      (effects (font (size 1 1) (thickness 0.15)) (justify mirror))
    )
    (fp_text value 100nF (at 0 -1.75) (layer B.Fab)
      (effects (font (size 1 1) (thickness 0.15)) (justify mirror))
    )
    (fp_line (start 2.25 -0.87) (end -2.25 -0.87) (layer B.CrtYd) (width 0.05))
    (fp_line (start 2.25 -0.87) (end 2.25 0.88) (layer B.CrtYd) (width 0.05))
    (fp_line (start -2.25 0.88) (end -2.25 -0.87) (layer B.CrtYd) (width 0.05))
    (fp_line (start -2.25 0.88) (end 2.25 0.88) (layer B.CrtYd) (width 0.05))
    (fp_line (start -0.5 -0.85) (end 0.5 -0.85) (layer B.SilkS) (width 0.12))
    (fp_line (start 0.5 0.85) (end -0.5 0.85) (layer B.SilkS) (width 0.12))
    (fp_line (start -1 0.62) (end 1 0.62) (layer B.Fab) (width 0.1))
    (fp_line (start 1 0.62) (end 1 -0.62) (layer B.Fab) (width 0.1))
    (fp_line (start 1 -0.62) (end -1 -0.62) (layer B.Fab) (width 0.1))
    (fp_line (start -1 -0.62) (end -1 0.62) (layer B.Fab) (width 0.1))
    (fp_text user %R (at 0 1.75) (layer B.Fab)
      (effects (font (size 1 1) (thickness 0.15)) (justify mirror))
    )
    (pad 2 smd rect (at 1.25 0 180) (size 1.5 1.25) (layers B.Cu B.Paste B.Mask)
      (net 1 GND))
    (pad 1 smd rect (at -1.25 0 180) (size 1.5 1.25) (layers B.Cu B.Paste B.Mask)
      (net 16 /3V3B))
    (model Capacitors_SMD.3dshapes/C_0805.wrl
      (at (xyz 0 0 0))
      (scale (xyz 1 1 1))
      (rotate (xyz 0 0 0))
    )
  )

  (module Capacitors_SMD:C_0805_HandSoldering (layer B.Cu) (tedit 58AA84A8) (tstamp 5FA5926A)
    (at 144.6 70.2 90)
    (descr "Capacitor SMD 0805, hand soldering")
    (tags "capacitor 0805")
    (path /58BAA326)
    (attr smd)
    (fp_text reference C12 (at 4 0 90) (layer B.SilkS)
      (effects (font (size 1 1) (thickness 0.15)) (justify mirror))
    )
    (fp_text value 100nF (at 0 -1.75 90) (layer B.Fab)
      (effects (font (size 1 1) (thickness 0.15)) (justify mirror))
    )
    (fp_text user %R (at 0 1.75 90) (layer B.Fab)
      (effects (font (size 1 1) (thickness 0.15)) (justify mirror))
    )
    (fp_line (start -1 -0.62) (end -1 0.62) (layer B.Fab) (width 0.1))
    (fp_line (start 1 -0.62) (end -1 -0.62) (layer B.Fab) (width 0.1))
    (fp_line (start 1 0.62) (end 1 -0.62) (layer B.Fab) (width 0.1))
    (fp_line (start -1 0.62) (end 1 0.62) (layer B.Fab) (width 0.1))
    (fp_line (start 0.5 0.85) (end -0.5 0.85) (layer B.SilkS) (width 0.12))
    (fp_line (start -0.5 -0.85) (end 0.5 -0.85) (layer B.SilkS) (width 0.12))
    (fp_line (start -2.25 0.88) (end 2.25 0.88) (layer B.CrtYd) (width 0.05))
    (fp_line (start -2.25 0.88) (end -2.25 -0.87) (layer B.CrtYd) (width 0.05))
    (fp_line (start 2.25 -0.87) (end 2.25 0.88) (layer B.CrtYd) (width 0.05))
    (fp_line (start 2.25 -0.87) (end -2.25 -0.87) (layer B.CrtYd) (width 0.05))
    (pad 1 smd rect (at -1.25 0 90) (size 1.5 1.25) (layers B.Cu B.Paste B.Mask)
      (net 16 /3V3B))
    (pad 2 smd rect (at 1.25 0 90) (size 1.5 1.25) (layers B.Cu B.Paste B.Mask)
      (net 1 GND))
    (model Capacitors_SMD.3dshapes/C_0805.wrl
      (at (xyz 0 0 0))
      (scale (xyz 1 1 1))
      (rotate (xyz 0 0 0))
    )
  )

  (module Capacitors_SMD:C_0805_HandSoldering (layer B.Cu) (tedit 58AA84A8) (tstamp 5FA5927A)
    (at 149.4 79.375)
    (descr "Capacitor SMD 0805, hand soldering")
    (tags "capacitor 0805")
    (path /58BAA246)
    (attr smd)
    (fp_text reference C13 (at 0 -1.575) (layer B.SilkS)
      (effects (font (size 1 1) (thickness 0.15)) (justify mirror))
    )
    (fp_text value 100nF (at 0 -1.75) (layer B.Fab)
      (effects (font (size 1 1) (thickness 0.15)) (justify mirror))
    )
    (fp_line (start 2.25 -0.87) (end -2.25 -0.87) (layer B.CrtYd) (width 0.05))
    (fp_line (start 2.25 -0.87) (end 2.25 0.88) (layer B.CrtYd) (width 0.05))
    (fp_line (start -2.25 0.88) (end -2.25 -0.87) (layer B.CrtYd) (width 0.05))
    (fp_line (start -2.25 0.88) (end 2.25 0.88) (layer B.CrtYd) (width 0.05))
    (fp_line (start -0.5 -0.85) (end 0.5 -0.85) (layer B.SilkS) (width 0.12))
    (fp_line (start 0.5 0.85) (end -0.5 0.85) (layer B.SilkS) (width 0.12))
    (fp_line (start -1 0.62) (end 1 0.62) (layer B.Fab) (width 0.1))
    (fp_line (start 1 0.62) (end 1 -0.62) (layer B.Fab) (width 0.1))
    (fp_line (start 1 -0.62) (end -1 -0.62) (layer B.Fab) (width 0.1))
    (fp_line (start -1 -0.62) (end -1 0.62) (layer B.Fab) (width 0.1))
    (fp_text user %R (at 0 1.75) (layer B.Fab)
      (effects (font (size 1 1) (thickness 0.15)) (justify mirror))
    )
    (pad 2 smd rect (at 1.25 0) (size 1.5 1.25) (layers B.Cu B.Paste B.Mask)
      (net 1 GND))
    (pad 1 smd rect (at -1.25 0) (size 1.5 1.25) (layers B.Cu B.Paste B.Mask)
      (net 16 /3V3B))
    (model Capacitors_SMD.3dshapes/C_0805.wrl
      (at (xyz 0 0 0))
      (scale (xyz 1 1 1))
      (rotate (xyz 0 0 0))
    )
  )

  (module Capacitors_SMD:C_0805_HandSoldering (layer B.Cu) (tedit 58AA84A8) (tstamp 5FA5928A)
    (at 139 94.8 270)
    (descr "Capacitor SMD 0805, hand soldering")
    (tags "capacitor 0805")
    (path /58BAA1AB)
    (attr smd)
    (fp_text reference C14 (at 3.8 0 90) (layer B.SilkS)
      (effects (font (size 1 1) (thickness 0.15)) (justify mirror))
    )
    (fp_text value 100nF (at 0 -1.75 90) (layer B.Fab)
      (effects (font (size 1 1) (thickness 0.15)) (justify mirror))
    )
    (fp_text user %R (at 0 1.75 90) (layer B.Fab)
      (effects (font (size 1 1) (thickness 0.15)) (justify mirror))
    )
    (fp_line (start -1 -0.62) (end -1 0.62) (layer B.Fab) (width 0.1))
    (fp_line (start 1 -0.62) (end -1 -0.62) (layer B.Fab) (width 0.1))
    (fp_line (start 1 0.62) (end 1 -0.62) (layer B.Fab) (width 0.1))
    (fp_line (start -1 0.62) (end 1 0.62) (layer B.Fab) (width 0.1))
    (fp_line (start 0.5 0.85) (end -0.5 0.85) (layer B.SilkS) (width 0.12))
    (fp_line (start -0.5 -0.85) (end 0.5 -0.85) (layer B.SilkS) (width 0.12))
    (fp_line (start -2.25 0.88) (end 2.25 0.88) (layer B.CrtYd) (width 0.05))
    (fp_line (start -2.25 0.88) (end -2.25 -0.87) (layer B.CrtYd) (width 0.05))
    (fp_line (start 2.25 -0.87) (end 2.25 0.88) (layer B.CrtYd) (width 0.05))
    (fp_line (start 2.25 -0.87) (end -2.25 -0.87) (layer B.CrtYd) (width 0.05))
    (pad 1 smd rect (at -1.25 0 270) (size 1.5 1.25) (layers B.Cu B.Paste B.Mask)
      (net 16 /3V3B))
    (pad 2 smd rect (at 1.25 0 270) (size 1.5 1.25) (layers B.Cu B.Paste B.Mask)
      (net 1 GND))
    (model Capacitors_SMD.3dshapes/C_0805.wrl
      (at (xyz 0 0 0))
      (scale (xyz 1 1 1))
      (rotate (xyz 0 0 0))
    )
  )

  (module Capacitors_SMD:C_0805_HandSoldering (layer B.Cu) (tedit 58AA84A8) (tstamp 5FA5929A)
    (at 124.75 87.2 180)
    (descr "Capacitor SMD 0805, hand soldering")
    (tags "capacitor 0805")
    (path /58BA8A30)
    (attr smd)
    (fp_text reference C15 (at 3.75 0) (layer B.SilkS)
      (effects (font (size 1 1) (thickness 0.15)) (justify mirror))
    )
    (fp_text value 100nF (at 0 -1.75) (layer B.Fab)
      (effects (font (size 1 1) (thickness 0.15)) (justify mirror))
    )
